
31519116
2068372
31650398
31374857
31407035
31168789
31387736
31873643
31281470
31543804
31654556
31291617
31376763
31414041
147816
31314517
27816127
1109804
31211042
22210693
31550587
31353760
31392089
31379485
31852913
31303946
31457408
31849379
31678827
31882068
31424881
31619879
29436798
31482202
31809912
31212486
31521846
31316766
31238150
29137436
31717410
28822984
30504031
31860630
31612876
31682521
31589201
31730480
19979518
31308796
12669938
30623930
31360918
30863728
29852498
31771064
31549052
31538288
30834132
31593460
31637251
29903134
31816923
31640928
31325025
28640941
31332663
31596802
31533496
31338702
31629398
31147893
31626653
31835691
31505548
31713054
31297434
31470965
31325708
31442119
31487379
31380578
31421413
30553586
31589708
31820232
31847682
31788450
31712855
30574915
31514257
27882261
31324739
31765991
31380292
15479928
31886808
31421138
31663288
30037304
31395080
26044349